101010100011011100101110110010010000001010101100
101110001101100110000101000010000111000101101110
100111010101100010111011101001110110100101101110
000100101110101111011110110111101100011100111111
101000000001111011011010100110101111000010101111
010100011100100110001011010101101110010000101100
011001111010011101010001011011111010101111010110
001000011100111001110010111110100111000000000010
110010110110000010010000100100010010110100010111
100011111010111100101110011010110011010011010010
001001011011100110000010001001101111011100111100
110111100000001010111010111101011000101101001110
100110001001100001100000001001001011101110110111
001000011101101111110001011111010110011100110001
111000011000011111111011101111011000111110101100
111000010111001011111101110000011110110110000010
101110111011110011111000110001101010100010100010
011001001011111110100000101010110110111101000100
100000000110101010101101000101011110010011010001
000100110101111011001101010101001010101100000101
111010000100101010000010001011001010101100100100
100011110101010100101011100011111010100010011001
110110111110111000001111001011101010011101111101
100100001101001011001010100101010010101001111011
010011000011011101001001111011001101100011100011
011111001001111110011101001101001100000000001010
011101111000011110100011001010000111011010100010
111101111110110111000110100101110100110111110001
101101011001110101011111100001001110100010010010
011010101111110010101110010001101011011100111000
011111111011010100011110010001110111011001001000
110011110010101000010001001001000111000010001000
100110101101011100001010101010110100001101000000
111001101100110110111000100000110010110010011010
011101101100111001011001101111100111111011101000
100011111001001100000100111101001100010011000111
010000011111110010001101101000000010101110010100
000110011111110011101001000111010010101100011011
111001000100011110000100110100100111100100101111
010011011011011110100011000111101100101100110111
100100011100101100000010011000111110100011110100
001101100100011100111000100100100110100101011111
001101110100101001010011011011010010111110100000
010101001010101101101100000001010101100110011001
011000110001010110100101001100001010010110101000
011100000010111101011111011010111011100110000100
111111111100001011010011101000011000000111110111
110001111000001100101000000000101011001100010001
100110000010110111111011011011000111101100101110
001011011110001100000010110100101011000100101010
011000110011101000110011100111111000100101010111
010111010011100000000100110111111100111100111100
110000111010010101100111111011011010010001011010
101100111001011011101010010101100010000111110111
000101000011000101110100110100101010010001111001
000100010110110101011101011000001001001010001000
110001001010101001110010111001111000111111110010
100111000000010001000111101100101010000000010100
111011101111101111001101100011001001000111101010
010101000010110010110000011000101111101011001100
111001011100000100110111110100110000110011100110
101101011111101110010011010100001010000010110110
000101110101100011001001111111110000110011000010
001001011001000111110011110010101001010110101111
